mse : 0.0
ssim : 0.0
lpips : 0.0
fid : 8.737540661129515
kid_score : 0.0009357335860861122