mse : 0.0
ssim : 0.0
lpips : 0.0
fid : 7.970082398696576
kid_score : 0.00023447396896898227